31.22167	-115.48479
32.679102	-115.535669
32.682568	-115.513273
32.685596	-115.303622
32.686897	-115.568239
32.687195	-115.594995
32.68746	-115.656834
32.689313	-115.304508
32.693323	-115.576415
32.693636	-115.577733
32.693637	-115.594671
32.693643	-115.526038
32.694409	-115.533668
32.694409	-115.542789
32.694666	-115.346649
32.69634	-115.594123
32.696616	-115.614962
32.697368	-115.53318
32.697433	-115.53343
32.697611	-115.585469
32.700196	-115.516363
32.700819	-115.54299
32.700943	-115.546412
32.701151	-115.559363
32.701366	-115.524974
32.701631	-115.604334
32.703558	-115.578218
32.704688	-115.538861
32.704868	-115.534405
32.704978	-115.543271
32.705057	-115.543268
32.705072	-115.554026
32.70513	-115.543167
32.70548	-115.535043
32.705512	-115.416704
32.707902	-115.519162
32.707977	-115.580977
32.708026	-115.525206
32.708026	-115.53335
32.70814	-115.507972
32.708402	-115.51344
32.709081	-115.568411
32.709376	-115.529161
32.709457	-115.548165
32.709481	-115.542275
32.70953	-115.538907
32.710531	-115.517045
32.711438	-115.635176
32.711857	-115.455689
32.712066	-115.535715
32.712071	-115.535608
32.712073	-115.53551
32.712074	-115.535316
32.712076	-115.535426
32.712153	-115.525911
32.712301	-115.577695
32.712317	-115.53566
32.712318	-115.535758
32.712319	-115.535563
32.712321	-115.535169
32.71232	-115.535468
32.712322	-115.535367
32.712457	-115.543037
32.71291	-115.446499
32.712963	-115.536151
32.713047	-115.548161
32.713981	-115.518493
32.714058	-115.518525
32.714109	-115.518249
32.714137	-115.518556
32.714203	-115.518302
32.714777	-115.518816
32.714854	-115.518845
32.714914	-115.518548
32.714933	-115.518671
32.714986	-115.518605
32.715024	-115.518619
32.715151	-115.298817
32.715391	-115.527621
32.715481	-115.558847
32.71548	-115.558739
32.715529	-115.527657
32.715534	-115.527837
32.715555	-115.54338
32.715669	-115.534937
32.715672	-115.361297
32.715683	-115.537468
32.715689	-115.558492
32.715707	-115.548633
32.715749	-115.519155
32.715767	-115.543326
32.71601	-115.51639
32.716305	-115.516555
32.716612	-115.497112
32.719378	-115.535022
32.720127	-115.568504
32.720174	-115.533434
32.720195	-115.543319
32.720229	-115.546446
32.720234	-115.543513
32.722155	-115.433824
32.722609	-115.516717
32.722629	-115.507179
32.722631	-115.507274
32.722637	-115.507388
32.722637	-115.507497
32.722865	-115.507604
32.722866	-115.507377
32.722867	-115.507268
32.722867	-115.507488
32.722928	-115.537381
32.722948	-115.601335
32.722957	-115.541926
32.723016	-115.508635
32.723211	-115.577791
32.723219	-115.585679
32.723918	-115.551546
32.724213	-115.619306
32.725652	-115.263209
32.726159	-115.604804
32.726491	-115.556716
32.726492	-115.556607
32.726494	-115.556494
32.726577	-115.688189
32.726708	-115.512737
32.726736	-115.55683
32.726739	-115.55661
32.726739	-115.55672
32.726744	-115.556499
32.726808	-115.520705
32.72686	-115.512804
32.72817	-115.668766
32.730439	-115.542481
32.731203	-115.516899
32.731351	-115.543805
32.731741	-115.577894
32.731814	-115.628408
32.733237	-115.560453
32.733809	-115.32563
32.737189	-115.585144
32.737534	-115.508101
32.738525	-115.543622
32.738614	-115.301518
32.739587	-115.729626
32.739794	-115.474406
32.742669	-115.543559
32.742733	-115.709585
32.742955	-115.263319
32.744309	-115.563528
32.745605	-115.619155
32.746921	-115.577856
32.746985	-115.354456
32.747039	-115.434357
32.754253	-115.543897
32.75525	-115.508542
32.759756	-115.559928
32.762697	-115.236694
32.763417	-115.345506
32.764236	-115.22146
32.765358	-115.221463
32.765782	-115.620433
32.767928	-115.25526
32.768411	-115.243888
32.768427	-115.255556
32.768458	-115.255262
32.76846	-115.406902
32.768541	-115.247791
32.768716	-115.262366
32.768749	-115.262661
32.76875	-115.26378
32.768781	-115.263618
32.76878	-115.262881
32.768786	-115.244073
32.768924	-115.254085
32.76904	-115.506495
32.769047	-115.149809
32.770633	-115.25041
32.770727	-115.250189
32.770976	-115.250301
32.771201	-115.255086
32.771481	-115.25494
32.7717	-115.255161
32.771949	-115.255125
32.772149	-115.259832
32.772302	-115.262855
32.772583	-115.262856
32.774662	-115.255685
32.774692	-115.254949
32.774692	-115.25528
32.774745	-115.247771
32.775013	-115.221795
32.775302	-115.371018
32.776519	-115.689192
32.776915	-115.262243
32.777102	-115.262244
32.777202	-115.266937
32.777238	-115.262566
32.777289	-115.262208
32.777367	-115.250283
32.777425	-115.247632
32.777507	-115.262208
32.778517	-115.27077
32.778736	-115.271101
32.778797	-115.27077
32.779072	-115.243478
32.779452	-115.474227
32.779455	-115.249773
32.77957	-115.24763
32.779665	-115.243958
32.780018	-115.251726
32.780332	-115.253052
32.780356	-115.247678
32.78037	-115.25328
32.78055	-115.252906
32.780721	-115.653006
32.781059	-115.655307
32.782512	-115.62988
32.782757	-115.236514
32.782799	-115.245017
32.783006	-115.254081
32.783054	-115.249103
32.78317	-115.24976
32.783688	-115.668975
32.784282	-115.270419
32.78476	-115.248313
32.7849	-115.384876
32.785878	-115.255116
32.785985	-115.249185
32.786071	-115.255811
32.786091	-115.247161
32.786218	-115.26067
32.786408	-115.37813
32.786429	-115.261124
32.786503	-115.240133
32.786521	-115.266265
32.786533	-115.251101
32.787276	-115.27109
32.787537	-115.256
32.787829	-115.256819
32.788932	-115.250482
32.788994	-115.245278
32.789189	-115.244557
32.789854	-115.264398
32.791592	-115.25811
32.79211	-115.57391
32.793391	-115.251342
32.793507	-115.584395
32.793892	-115.24159
32.794828	-115.49933
32.79506	-115.463548
32.795148	-115.260182
32.795157	-115.266586
32.795157	-115.651516
32.795336	-115.226965
32.795685	-115.622347
32.795717	-115.230995
32.796063	-115.398311
32.796432	-115.286999
32.796543	-115.243328
32.796612	-115.248002
32.796791	-115.336665
32.797827	-115.697519
32.797955	-115.543828
32.798055	-115.544828
32.799847	-115.242344
32.800025	-115.258393
32.800855	-115.250297
32.801471	-115.244925
32.801566	-115.245846
32.80193	-115.245585
32.803046	-115.014803
32.803666	-115.254464
32.804309	-115.245596
32.804611	-115.238162
32.805561	-115.405125
32.807183	-115.250205
32.809883	-115.241528
32.810006	-115.262692
32.810036	-115.26214
32.810062	-115.235233
32.810813	-115.258894
32.810825	-115.258664
32.810973	-115.228629
32.810976	-115.254431
32.811047	-115.250303
32.812495	-115.420978
32.812731	-115.543274
32.814288	-115.237031
32.814478	-115.263055
32.814555	-115.250209
32.814592	-115.254515
32.814612	-115.245866
32.814669	-115.424871
32.817649	-115.415119
32.818234	-115.250294
32.818709	-115.619333
32.819446	-115.471606
32.819552	-115.257328
32.82177	-115.237053
32.822023	-115.237149
32.825315	-115.250286
32.826473	-115.636339
32.826947	-115.649132
32.827007	-115.637964
32.829032	-115.254605
32.831777	-115.518978
32.833441	-115.373543
32.834668	-115.644479
32.835234	-115.564398
32.840429	-115.585877
32.84577	-115.427225
32.846594	-115.307234
32.846615	-115.697013
32.84995	-115.356835
32.85491	-115.63781
32.855843	-115.655214
32.856104	-115.507623
32.859233	-115.620859
32.859391	-115.713551
32.861639	-115.577409
32.861761	-115.316816
32.862357	-115.378183
32.862666	-115.712159
32.862983	-115.553365
32.8636	-115.42274
32.863612	-115.39716
32.868402	-115.595941
32.868422	-115.596239
32.869024	-115.457694
32.869138	-115.656511
32.869613	-115.434418
32.870348	-115.396483
32.870804	-115.680502
32.870893	-115.482425
32.87094	-115.526399
32.871401	-115.43098
32.87223	-115.611865
32.872399	-115.43228
32.87613	-115.309865
32.87633	-115.411324
32.87656	-115.351543
32.876692	-115.572587
32.877332	-115.407306
32.877554	-115.421247
32.883084	-115.379607
32.88402	-115.55203
32.884791	-115.620906
32.885383	-115.365826
32.885784	-115.422593
32.885797	-115.445729
32.885808	-115.5663
32.888203	-115.693782
32.88926	-115.520911
32.891164	-115.493039
32.891316	-115.650387
32.894922	-115.446506
32.895178	-115.432713
32.895318	-115.430701
32.895579	-115.42869
32.895614	-115.412884
32.896259	-115.408432
32.898373	-115.583912
32.899031	-115.383301
32.899688	-115.627887
32.902374	-115.42198
32.903129	-115.442966
32.903173	-115.365364
32.903918	-115.527476
32.904595	-115.531755
32.905621	-115.594929
32.905691	-115.55091
32.908284	-115.614584
32.910112	-115.531831
32.910799	-115.527349
32.910984	-115.527793
32.912482	-115.602975
32.913152	-115.594918
32.913171	-115.578685
32.913269	-115.535824
32.913621	-115.560872
32.914182	-115.601401
32.914257	-115.620491
32.915567	-115.631588
32.916449	-115.383987
32.916867	-115.463315
32.917037	-115.409714
32.917465	-115.548825
32.917854	-115.436449
32.91945	-115.38362
32.920753	-115.593251
32.921644	-114.970801
32.924447	-115.292065
32.926148	-115.563068
32.926832	-115.647061
32.927467	-115.595417
32.927629	-115.569286
32.927661	-115.599474
32.927937	-115.571453
32.928112	-115.578065
32.928172	-115.535624
32.928192	-115.510558
32.928621	-115.550908
32.932839	-115.61133
32.933535	-115.587254
32.934293	-115.353778
32.934545	-115.583854
32.934971	-115.577246
32.939467	-115.406483
32.940124	-115.578716
32.940566	-115.63002
32.942017	-115.606032
32.9422	-115.552183
32.942522	-115.534487
32.942599	-115.510598
32.942897	-115.541226
32.944343	-114.999802
32.944556	-115.599388
32.94551	-115.568691
32.946694	-115.594854
32.946803	-115.522856
32.947215	-115.570731
32.949544	-115.586105
32.949559	-115.645456
32.949689	-115.622658
32.952276	-115.370275
32.954248	-115.606594
32.954332	-115.49057
32.954343	-115.550352
32.954444	-115.338815
32.954444	-115.338815
32.954449	-115.320566
32.954477	-115.589382
32.957172	-115.568046
32.957511	-115.533846
32.959144	-115.333815
32.959144	-115.336815
32.959284	-115.354225
32.959553	-115.351352
32.95967	-115.566636
32.960498	-115.536476
32.961378	-115.519357
32.965277	-115.477419
32.9656	-115.4068
32.967422	-115.576734
32.96809	-115.387333
32.968199	-115.351982
32.97061	-117.03286
32.971043	-115.509077
32.971152	-115.585517
32.971295	-115.483799
32.971495	-115.665244
32.971501	-115.62943
32.972014	-115.49846
32.972542	-115.562214
32.975232	-115.415056
32.978127	-115.507975
32.978156	-115.47555
32.978273	-115.502105
32.97995	-115.610459
32.98006	-115.590153
32.98161	-115.432418
32.981976	-115.492893
32.985184	-115.507578
32.985352	-115.480268
32.985812	-115.483839
32.98632	-115.475048
32.989225	-115.475575
32.990771	-115.492855
32.991417	-115.401485
32.993434	-115.509687
32.993559	-115.50014
32.993692	-115.529857
32.994957	-115.538257
32.999771	-115.486073
32.999847	-115.527631
32.99993	-115.495725
33.000173	-115.479623
33.000543	-115.623553
33.000608	-115.424134
33.000609	-115.389919
33.000814	-115.451924
33.000932	-115.362563
33.000957	-115.509772
33.001246	-115.561316
33.001281	-115.544534
33.001424	-115.337102
33.00168	-115.33515
33.001919	-115.577481
33.001934	-115.534269
33.001942	-115.603478
33.001947	-115.334664
33.003754	-115.524475
33.00488	-115.517231
33.004984	-115.532052
33.005046	-115.531954
33.005136	-115.514035
33.005147	-115.53207
33.007615	-115.646311
33.007705	-115.525508
33.00785	-115.50856
33.007859	-115.557808
33.007922	-115.512469
33.008028	-115.512503
33.008537	-115.543768
33.008595	-115.525526
33.008653	-115.621667
33.008933	-115.527341
33.008978	-115.535711
33.00905	-115.32674
33.009058	-115.344769
33.00913	-115.34467
33.011027	-115.352255
33.011275	-115.537803
33.01142	-115.543249
33.011429	-115.543261
33.011436	-115.522788
33.01218	-115.5319
33.012461	-115.527485
33.013474	-115.539983
33.014548	-115.519358
33.014609	-115.53713
33.014682	-115.53047
33.014682	-115.530614
33.014725	-115.523679
33.014733	-115.523583
33.014735	-115.539041
33.01482	-115.546715
33.014833	-115.545463
33.014838	-115.533237
33.014894	-115.555968
33.014904	-115.501261
33.014914	-115.546682
33.015047	-115.532421
33.015072	-115.530439
33.015103	-115.531237
33.015153	-115.543162
33.015173	-115.531523
33.015175	-115.529854
33.015176	-115.529999
33.015177	-115.530293
33.015178	-115.530146
33.015273	-115.518538
33.015276	-115.545077
33.0156	-115.371237
33.015731	-115.612846
33.015819	-115.39632
33.01593	-115.492085
33.016117	-115.552162
33.016157	-115.595921
33.016165	-115.57793
33.016204	-115.515326
33.01625	-115.473981
33.016296	-115.58247
33.016577	-115.423512
33.018178	-115.519865
33.018443	-115.434818
33.018537	-115.540285
33.018577	-115.508617
33.018585	-115.527426
33.018622	-115.508552
33.018663	-115.505097
33.018747	-115.539827
33.019486	-115.616308
33.01951	-115.536286
33.019522	-115.513682
33.019609	-115.517956
33.019697	-115.536069
33.020502	-115.512144
33.021682	-115.674741
33.022099	-115.528652
33.022101	-115.613085
33.022288	-115.534763
33.022446	-115.616826
33.022446	-115.618826
33.022474	-115.534492
33.022544	-115.482645
33.022612	-115.551835
33.023012	-115.646947
33.023032	-115.710305
33.023113	-115.535793
33.023244	-115.617254
33.023304	-115.603344
33.023513	-115.441069
33.024164	-115.525578
33.025707	-115.534845
33.025836	-115.508494
33.025901	-115.508579
33.026136	-115.529752
33.026209	-115.527706
33.027233	-115.509108
33.027687	-115.692921
33.028942	-115.347814
33.029181	-115.524022
33.029224	-115.544529
33.029241	-115.534723
33.029295	-115.534743
33.029337	-115.556896
33.029368	-115.534795
33.03002	-115.701546
33.030137	-115.630233
33.03025	-115.61297
33.030492	-115.55302
33.030647	-115.523048
33.030659	-115.577931
33.030666	-115.595842
33.030714	-115.654714
33.030816	-115.684391
33.030942	-115.347814
33.036538	-115.499395
33.036825	-115.560479
33.036916	-115.483426
33.037483	-115.665322
33.037685	-115.647567
33.0381	-115.586109
33.039513	-115.527391
33.039798	-115.698461
33.041023	-115.552208
33.041036	-115.535132
33.043592	-115.552818
33.043783	-115.541043
33.044374	-115.561003
33.044665	-115.670216
33.045038	-115.393908
33.045152	-115.512348
33.045717	-115.682284
33.047499	-115.60378
33.050396	-115.370947
33.05064	-115.519543
33.05167	-115.665134
33.051796	-115.723338
33.051841	-115.511806
33.052027	-115.623416
33.052463	-115.626385
33.052517	-115.64829
33.052544	-115.59532
33.054783	-115.696157
33.055293	-115.423053
33.055965	-115.672565
33.058212	-115.511213
33.058397	-115.543664
33.058517	-115.519788
33.058536	-115.535717
33.058576	-115.525839
33.058787	-115.517171
33.059614	-115.695551
33.060451	-115.396275
33.064866	-115.488147
33.06596	-115.629841
33.066199	-115.635075
33.066349	-115.678698
33.066668	-115.585459
33.066808	-115.728337
33.066976	-115.526881
33.067539	-115.397262
33.06802	-115.665357
33.068564	-115.613323
33.069342	-115.552148
33.069639	-115.474156
33.072609	-115.736233
33.073294	-115.503673
33.073744	-115.525683
33.074106	-115.371912
33.074414	-115.742974
33.07444	-115.710809
33.07635	-115.585558
33.081885	-115.701278
33.082248	-115.709412
33.082798	-115.355639
33.083093	-115.484924
33.083278	-115.622814
33.083841	-115.716042
33.084168	-115.674069
33.085247	-115.806833
33.085561	-115.641187
33.085717	-115.649114
33.086292	-115.640241
33.087772	-115.388032
33.088672	-115.580576
33.088758	-115.691147
33.089733	-115.371592
33.090858	-115.605706
33.091026	-115.545513
33.093067	-115.694357
33.095038	-115.726827
33.095777	-115.657959
33.095985	-115.358714
33.096106	-115.658624
33.096647	-115.870835
33.097402	-115.656941
33.100025	-115.674272
33.100196	-115.639587
33.101178	-115.65849
33.102146	-115.788832
33.102645	-115.767831
33.102799	-115.516811
33.103381	-115.450335
33.103483	-115.674039
33.104366	-115.363393
33.104567	-115.588214
33.104607	-115.631689
33.105555	-115.672718
33.105762	-115.681295
33.107891	-115.606017
33.109887	-115.683648
33.11041	-115.41436
33.110776	-115.647954
33.110793	-115.442901
33.110994	-115.709685
33.111044	-115.72683
33.11118	-115.667014
33.111421	-115.647895
33.111476	-115.648595
33.111572	-115.640352
33.113288	-115.464807
33.117544	-115.639809
33.118724	-115.530717
33.118795	-115.545334
33.118799	-115.639918
33.1188	-115.613094
33.11888	-115.445585
33.118973	-115.665357
33.119622	-115.630031
33.119799	-115.581379
33.12016	-115.668605
33.120626	-115.694405
33.121022	-115.517775
33.122001	-115.614615
33.123663	-115.667082
33.125857	-115.580347
33.126074	-115.416122
33.129147	-115.648005
33.129169	-115.545703
33.131583	-115.60598
33.131955	-115.61613
33.132394	-115.578673
33.133315	-115.580442
33.137745	-115.831833
33.138655	-115.395837
33.139543	-115.720829
33.139591	-115.528598
33.139615	-115.709558
33.139768	-115.447657
33.139933	-115.521358
33.140396	-115.588367
33.140463	-115.685689
33.140737	-114.917799
33.141715	-115.668378
33.143844	-115.834833
33.146465	-115.613477
33.146894	-116.15065
33.147069	-115.613952
33.147122	-115.588111
33.14726	-115.640339
33.147312	-115.545103
33.1476	-115.63951
33.147635	-115.632297
33.147657	-115.64757
33.147762	-115.58035
33.147913	-115.557102
33.148003	-115.622213
33.148007	-115.639379
33.148017	-115.63857
33.148022	-115.63915
33.148037	-115.648135
33.148039	-115.518203
33.148046	-115.63891
33.148084	-115.58817
33.148085	-115.632642
33.148141	-115.632317
33.148293	-115.647861
33.148468	-115.648096
33.148577	-115.622247
33.14865	-115.54392
33.148686	-115.648082
33.148741	-115.685953
33.15395	-115.70967
33.154164	-115.674856
33.154191	-115.635948
33.154232	-115.640474
33.154288	-115.622516
33.154353	-115.635322
33.154386	-115.632329
33.154778	-115.545231
33.154822	-115.647872
33.15486	-115.464794
33.154912	-115.631897
33.15509	-115.615041
33.155141	-115.644004
33.155142	-115.643746
33.155171	-115.644409
33.155198	-115.645402
33.1552	-115.644997
33.155293	-115.638924
33.155399	-115.647244
33.155418	-115.639475
33.155488	-115.64784
33.155588	-115.647836
33.155664	-115.614965
33.155856	-115.61489
33.155875	-115.42213
33.155964	-115.647231
33.155989	-115.614749
33.156237	-114.818795
33.156278	-115.646391
33.156963	-115.643185
33.157284	-115.623239
33.157355	-115.614994
33.157834	-115.614955
33.158263	-115.631735
33.158333	-115.637222
33.158574	-115.640124
33.15978	-115.61491
33.160165	-115.647477
33.160772	-115.647401
33.160837	-115.640518
33.161086	-115.641416
33.161191	-115.646479
33.161218	-115.647473
33.161412	-115.52105
33.161446	-115.640074
33.161688	-115.510878
33.161699	-115.640515
33.161822	-115.614938
33.161924	-115.640109
33.161996	-115.631865
33.16234	-115.621132
33.16245	-115.61767
33.162473	-115.623995
33.162499	-115.623731
33.162638	-115.621296
33.162691	-115.620827
33.162693	-115.620533
33.162704	-115.618829
33.162719	-115.623969
33.162729	-115.622501
33.162881	-115.630981
33.162902	-115.606536
33.16299	-115.615429
33.163099	-115.615105
33.163189	-115.623829
33.163279	-115.621363
33.16337	-115.615138
33.163481	-115.620749
33.163485	-115.623833
33.163494	-115.624847
33.163529	-115.617196
33.163619	-115.620818
33.163648	-115.622385
33.16379	-115.622428
33.165471	-115.618221
33.165764	-115.631852
33.166229	-115.615588
33.166326	-115.615824
33.166372	-115.597735
33.166501	-115.615533
33.166618	-115.597797
33.166719	-115.527631
33.167143	-115.639859
33.167519	-115.635107
33.168707	-115.606557
33.16876	-115.621924
33.168766	-115.559681
33.168883	-115.564817
33.168914	-115.631191
33.168964	-115.623615
33.16906	-115.623998
33.16944	-115.691814
33.169582	-115.54152
33.169651	-115.674784
33.169676	-115.571905
33.169766	-115.597857
33.16978	-115.597638
33.169841	-115.587973
33.170028	-115.60611
33.170591	-115.597822
33.171267	-115.635452
33.172115	-115.606095
33.172337	-115.606069
33.172509	-115.606159
33.172729	-115.606515
33.172959	-115.597824
33.173051	-115.606402
33.173313	-115.639474
33.173614	-115.638773
33.17426	-115.606418
33.175619	-115.494593
33.175771	-115.414499
33.175772	-115.597833
33.175918	-115.443039
33.17594	-115.605824
33.17609	-115.6064
33.176161	-115.609968
33.176282	-115.610293
33.176286	-115.609676
33.177112	-115.562962
33.177173	-115.56496
33.177194	-115.565489
33.177194	-115.600987
33.177234	-115.596972
33.177466	-115.614068
33.177543	-115.613599
33.17899	-115.56425
33.179444	-115.888834
33.179784	-115.563791
33.179788	-115.56314
33.180649	-115.587768
33.180764	-115.581603
33.180896	-115.587742
33.181008	-115.620523
33.18273	-115.565355
33.183051	-115.578962
33.183056	-115.570208
33.183075	-115.575409
33.183099	-115.613
33.183154	-115.578475
33.183222	-115.563588
33.183298	-115.571593
33.183298	-115.578936
33.18333	-115.562989
33.183389	-115.576353
33.183409	-115.545398
33.183456	-115.577528
33.183479	-115.596353
33.183507	-115.595913
33.183591	-115.579469
33.183667	-115.605226
33.183674	-115.596525
33.183691	-115.605432
33.18373	-115.610865
33.183756	-115.610719
33.183912	-115.674861
33.184143	-116.125649
33.18434	-115.384439
33.184405	-115.502805
33.184929	-115.560905
33.190154	-115.521281
33.190509	-115.432741
33.19051	-115.510895
33.190529	-115.451721
33.191621	-115.589094
33.191702	-116.16999
33.194636	-114.757793
33.196588	-115.599117
33.19751	-115.612699
33.197536	-114.904799
33.197725	-115.568942
33.198027	-115.551066
33.198291	-115.544439
33.20017	-115.609652
33.200561	-115.587836
33.202083	-115.592761
33.202111	-115.558556
33.202389	-115.558556
33.202816	-115.578791
33.204663	-115.475437
33.204702	-115.52666
33.204857	-115.545487
33.205146	-115.526725
33.205317	-115.588665
33.2064	-115.5707
33.20648	-115.57713
33.2065	-115.576583
33.2065	-115.5769
33.208145	-115.580685
33.210314	-114.699433
33.211806	-115.563361
33.2118	-115.5631
33.2118	-115.5637
33.212125	-115.563631
33.212237	-115.492154
33.212258	-115.570639
33.212513	-115.514722
33.213273	-115.536645
33.213618	-115.536708
33.213687	-115.578412
33.219567	-115.539844
33.220862	-115.536668
33.221912	-115.573415
33.224807	-115.608835
33.225272	-115.609274
33.225536	-115.577752
33.225787	-115.609267
33.226857	-115.579356
33.227836	-115.467818
33.227983	-115.580269
33.228189	-115.580268
33.230036	-115.466818
33.230836	-115.470819
33.234842	-115.536274
33.235327	-115.496184
33.235662	-115.962114
33.23658	-115.586538
33.236708	-115.582134
33.237535	-114.825796
33.241363	-115.553476
33.241769	-115.530241
33.241805	-115.497306
33.247212	-115.49246
33.247514	-115.582283
33.248	-115.9796
33.248237	-115.590738
33.248709	-115.454169
33.257641	-115.945833
33.257913	-115.56183
33.25999	-115.543991
33.261768	-115.590877
33.261881	-115.603684
33.263141	-115.959834
33.263551	-115.56031
33.264241	-115.976834
33.266941	-115.994835
33.266941	-115.994835
33.268566	-115.524705
33.270945	-115.60604
33.274114	-115.509361
33.27904	-116.011835
33.280014	-115.630129
33.28012	-115.599235
33.282032	-115.526288
33.284311	-115.529577
33.284663	-115.563333
33.284775	-115.529402
33.285386	-115.6238
33.286439	-115.936833
33.287639	-115.959834
33.290771	-115.607722
33.293339	-115.925833
33.294735	-115.645824
33.303633	-114.784794
33.304282	-115.632616
33.305535	-115.646824
33.306424	-115.593115
33.309135	-115.617823
33.312438	-115.995834
33.319634	-115.625823
33.337432	-114.886798
33.337737	-116.017835
33.340338	-115.658315
33.34101	-115.612807
33.360281	-115.634636
33.384	-115.645282
33.38464	-115.645662
33.38472	-115.645922
33.39425	-115.676004
33.396731	-115.709825
33.40018	-115.662202
33.400659	-115.661537
33.4	-115.662162
33.412909	-115.671642
33.413509	-115.673532
33.415656	-115.676875
33.415839	-115.676782
33.415969	-115.675522
33.416919	-115.677722
33.417019	-115.680172
33.417623	-115.679858
33.417659	-115.679302
33.417729	-115.678962
33.417819	-115.679742
33.418159	-115.680412
33.422399	-115.681772
33.424449	-115.681512
33.426169	-115.686343
33.426459	-115.686583
33.427539	-115.696163
33.427699	-115.687443
33.427829	-115.687583
33.432269	-115.696163
33.439338	-115.695603
33.50739	-115.82906
33.51048	-115.83081
33.51048	-115.83149
33.66846	-117.33126
33.67011	-117.32909
33.680539	-117.330155
33.909267	-116.422795
33.909898	-116.447318
33.909968	-116.441225
33.91043	-116.428353
33.910542	-116.441232
33.911137	-116.428441
33.911734	-116.428157
33.911744	-116.427786
33.911876	-116.425244
33.91188	-116.42062
33.912064	-116.429803
33.912315	-116.441254
33.91245	-116.41866
33.91252	-116.41648
33.913097	-116.428359
33.913348	-116.425103
33.913746	-116.432712
33.91383	-116.41899
33.914015	-116.432769
33.914321	-116.432666
33.914725	-116.432751
33.915541	-116.432523
33.91561	-116.42067
33.91566	-116.431
33.915847	-116.437747
33.916058	-116.426779
33.91607	-116.426329
33.916588	-116.412823
33.91756	-116.43562
33.917912	-116.406572
33.918483	-116.431421
33.91849	-116.42272
33.9188	-116.43229
33.918862	-116.441173
33.918897	-116.43509
33.919337	-116.428877
33.91958	-116.43044
33.919621	-116.416708
33.919676	-116.433747
33.919843	-116.439765
33.919848	-116.437026
33.91985	-116.43745
33.920487	-116.428228
33.920525	-116.426737
33.920741	-116.431259
33.92091	-116.43255
33.921033	-116.433495
33.921119	-116.434986
33.921125	-116.437868
33.921389	-116.426636
33.921431	-116.426884
33.921497	-116.422369
33.921512	-116.426288
33.921693	-116.43399
33.921766	-116.480934
33.921826	-116.443099
33.922238	-116.438611
33.92233	-116.443045
33.922683	-116.443373
33.922733	-116.439256
33.923171	-116.432595
33.923334	-116.451461
33.923452	-116.429215
33.923664	-116.452043
33.923924	-116.438159
33.924253	-116.43801
33.924266	-116.435773
33.92429	-116.4366
33.92429	-116.43668
33.9243	-116.451883
33.92437	-116.43697
33.924533	-116.43306
33.924557	-116.44897
33.924559	-116.427523
33.924581	-116.437661
33.925054	-116.501833
33.925466	-116.443514
33.925484	-116.441713
33.925818	-116.444228
33.92655	-116.44022
33.92671	-116.451215
33.927022	-116.443431
33.927248	-116.446448
33.927769	-116.444117
33.927861	-116.44195
33.927927	-116.446879
33.927985	-116.422354
33.928248	-116.442844
33.928288	-116.440885
33.928691	-116.441659
33.928748	-116.440911
33.928756	-116.444618
33.929077	-116.441069
33.9292	-116.43827
33.929673	-116.442947
33.929686	-116.438693
33.930146	-116.4793
33.930835	-116.442971
33.932116	-116.45753
33.932602	-116.448898
33.932673	-116.441166
33.932681	-116.455119
33.933493	-116.466875
33.93571	-116.45012
33.935856	-116.472749
33.93631	-116.46857
33.93707	-116.45177
33.939011	-116.453383
33.939384	-116.453409
33.939386	-116.454627
33.940823	-116.468598
33.941468	-116.466386
33.943479	-116.482045
33.943633	-116.477075
33.944819	-116.473246
33.944827	-116.476973
33.944829	-116.477967
33.946303	-116.474584
33.946477	-116.479156
33.946582	-116.457178
33.946667	-116.479224
33.947219	-116.483722
33.947931	-116.50487
33.948279	-116.473312
33.948431	-116.469113
33.948791	-116.483623
33.94926	-116.484991
33.949287	-116.483624
33.949313	-116.461845
33.949361	-116.48069
33.94969	-116.48421
33.951333	-116.479443
33.951557	-116.48675
33.951777	-116.49326
33.95239	-116.47337
33.952521	-116.483338
33.95317	-116.481242
33.953281	-116.486855
33.954439	-116.48843
33.9545	-116.47816
33.954531	-116.474018
33.954533	-116.474714
33.9548	-116.47362
33.954823	-116.475956
33.955066	-116.473719
33.955183	-116.489027
33.95527	-116.48871
33.955359	-116.476451
33.95542	-116.48831
33.955428	-116.487834
33.95662	-116.48466
33.95683	-116.48334
33.957001	-116.47446
33.95702	-116.48052
33.957091	-116.476499
33.957165	-116.473913
33.95729	-116.48312
33.95758	-116.48158
33.957967	-116.483502
33.957997	-116.478234
33.958871	-116.483152
33.959092	-116.47458
33.959895	-116.480665
33.960778	-116.488418
33.961108	-116.488665
33.96	-116.48
33.962545	-116.499177
33.962878	-116.496799
33.963076	-116.500223
33.963473	-116.491913
33.9636	-116.49655
33.964995	-116.497126
33.9657	-116.50078
33.966163	-116.49881
33.966391	-116.496816
33.966717	-116.490937
33.96701	-116.49799
33.967281	-116.497402
33.967323	-116.501324
33.967755	-116.501056
33.96793	-116.49293
33.968301	-116.499189
33.968386	-116.499444
33.968496	-116.501565
33.968513	-116.499265
33.969386	-116.501793
33.972143	-116.508856
34.052885	-117.269879
34.076635	-117.277493
34.08347	-117.28571
34.083636	-117.281845
34.083947	-117.277492
34.08729	-117.282569
34.0946	-117.283294
34.134304	-117.221557
34.14525	-116.07158
34.147825	-116.065664
35.386063	-117.537891
35.61962	-118.47659
35.62017	-118.47602
35.62022	-118.47535
35.62057	-118.47622
35.62078	-118.4752
35.62078	-118.47557
35.62176	-120.66761
35.62618	-120.69118
35.654711	-120.68315
35.654881	-120.681659
35.992712	-117.799974
35.99862	-117.74048
36.000369	-117.787618
36.000534	-117.787896
36.000641	-117.787884
36.001116	-117.78145
36.001406	-117.791797
36.001534	-117.791883
36.001875	-117.792166
36.002953	-117.809617
36.003128	-117.808989
36.003557	-117.798168
36.003799	-117.80881
36.003916	-117.798331
36.004024	-117.792335
36.004178	-117.798458
36.004413	-117.792498
36.004481	-117.792619
36.005869	-117.792451
36.006779	-117.802141
36.006806	-117.802405
36.006885	-117.802663
36.006925	-117.795201
36.006975	-117.793127
36.007017	-117.795379
36.007181	-117.795519
36.007196	-117.795677
36.007506	-117.793704
36.008068	-117.811254
36.008103	-117.810551
36.008107	-117.811
36.008302	-117.803406
36.008356	-117.814219
36.008583	-117.814925
36.00859	-117.81493
36.008849	-117.767306
36.010884	-117.802322
36.010961	-117.802746
36.011029	-117.802799
36.011248	-117.793173
36.011251	-117.799509
36.011276	-117.793517
36.011375	-117.799142
36.011377	-117.7889
36.011467	-117.798799
36.013788	-117.807171
36.013986	-117.807221
36.014022	-117.807174
36.015001	-117.806976
36.015193	-117.786508
36.015253	-117.785905
36.015291	-117.786219
36.01532	-117.786604
36.016149	-117.793297
36.016427	-117.7828
36.016429	-117.793431
36.016663	-117.793542
36.017057	-117.78181
36.017811	-117.802935
36.017824	-117.803122
36.017952	-117.803316
36.018257	-117.770367
36.019146	-117.798525
36.019423	-117.798822
36.019427	-117.805593
36.019478	-117.805755
36.020803	-117.779837
36.021566	-117.769216
36.021782	-117.769188
36.021783	-117.76919
36.021862	-117.802323
36.022483	-117.80209
36.022507	-117.802285
36.022574	-117.80217
36.02258	-117.80217
36.022882	-117.796773
36.023099	-117.764741
36.02319	-117.764987
36.023241	-117.780786
36.023246	-117.765094
36.023284	-117.796852
36.023406	-117.805309
36.023547	-117.78114
36.023648	-117.805606
36.023669	-117.78128
36.023871	-117.805937
36.024903	-117.801492
36.025041	-117.801581
36.025049	-117.777623
36.025057	-117.801807
36.025903	-117.773124
36.026065	-117.773095
36.026706	-117.770579
36.026721	-117.77095
36.026722	-117.770951
36.026737	-117.771363
36.026992	-117.800069
36.027068	-117.800166
36.02752	-117.78791
36.028538	-117.801026
36.029363	-117.846708
36.029866	-117.800904
36.030057	-117.776087
36.030115	-117.800755
36.03028	-117.776144
36.030375	-117.776318
36.03038	-117.792261
36.030693	-117.776259
36.030697	-117.792046
36.030912	-117.77615
36.030913	-117.80057
36.031006	-117.805463
36.031124	-117.77702
36.03135	-117.776766
36.031399	-117.805224
36.032152	-117.799243
36.032181	-117.798867
36.032311	-117.802155
36.0323	-117.802998
36.032349	-117.802658
36.03253	-117.800565
36.032537	-117.801279
36.032551	-117.800694
36.032579	-117.79883
36.033335	-117.798642
36.034779	-117.776286
36.034969	-117.776338
36.035175	-117.758651
36.035273	-117.776535
36.035673	-117.796189
36.03575	-117.795994
36.035761	-117.79621
36.03586	-117.80644
36.036025	-117.805748
36.036025	-117.805748
36.036025	-117.805748
36.036571	-117.8095
36.036675	-117.804013
36.036765	-117.809686
36.036798	-117.803609
36.036998	-117.803267
36.037259	-117.802018
36.037498	-117.802191
36.03753	-117.811934
36.037784	-117.811788
36.038104	-117.836262
36.03912	-117.806671
36.039403	-117.802892
36.039445	-117.806504
36.039805	-117.806451
36.039882	-117.791045
36.03989	-117.79087
36.039895	-117.803382
36.039963	-117.791193
36.039964	-117.791368
36.040091	-117.791742
36.040169	-117.803662
36.040227	-117.796679
36.040406	-117.798284
36.041286	-117.803055
36.041354	-117.802091
36.041396	-117.805162
36.04149	-117.802525
36.04259	-117.803394
36.042771	-117.819067
36.042816	-117.803005
36.043066	-117.802761
36.044475	-117.77635
36.047184	-117.80511
36.049647	-117.839801
36.052624	-117.804648
36.063566	-117.759587
36.071565	-117.762146
36.071566	-117.762146
36.075314	-117.799433
36.092545	-117.765268
36.113013	-117.8745
36.113039	-117.874459
36.113039	-117.874459
37.635582	-118.989711
37.637572	-118.878665
37.637754	-118.789235
37.638314	-118.914822
37.638633	-118.878156
37.640038	-118.773624
37.640504	-118.964333
37.640755	-118.811738
37.642124	-118.924186
37.642704	-118.914441
37.642964	-118.913156
37.643124	-118.914654
37.643144	-118.913506
37.643374	-118.906816
37.644172	-118.914844
37.644278	-118.855315
37.644344	-118.914046
37.644404	-118.859222
37.644404	-118.914516
37.644524	-118.915136
37.644564	-118.915756
37.644704	-118.859927
37.644754	-118.91356
37.644757	-118.915704
37.644804	-118.913026
37.645034	-118.915486
37.645144	-118.907326
37.645274	-118.916756
37.645304	-118.910736
37.64539	-118.9063
37.64545	-118.90737
37.645549	-118.910603
37.645564	-118.910616
37.645564	-118.915346
37.645604	-118.915466
37.645612	-118.915876
37.645622	-118.91664
37.645734	-118.913916
37.645744	-118.910726
37.646318	-118.91488
37.646444	-118.859124
37.646479	-118.914056
37.646548	-118.915435
37.646619	-118.862017
37.64664	-118.917278
37.646824	-118.910326
37.646838	-118.916217
37.646914	-118.912056
37.646914	-118.912116
37.647084	-118.908646
37.64738	-118.91183
37.647424	-118.911086
37.647514	-118.909546
37.647734	-118.861227
37.647924	-118.916326
37.649094	-118.936037
37.64914	-118.979837
37.64923	-118.91768
37.649883	-118.978684
37.651223	-118.981625
37.651238	-118.845969
37.652223	-118.9149
37.652602	-118.9106
37.652634	-118.88944
37.653244	-118.788197
37.653826	-118.775382
37.653834	-118.946068
37.654934	-118.942043
37.656038	-118.795889
37.656664	-118.953419
37.656704	-118.813139
37.65679	-118.894148
37.657796	-118.804463
37.657864	-118.954573
37.659205	-118.895085
37.660609	-118.82271
37.660939	-118.913309
37.661112	-118.861793
37.661945	-118.954704
37.66712	-118.97909
37.667442	-118.773087
37.667737	-118.810822
37.669057	-118.801554
37.675738	-118.801798
37.679358	-118.907636
37.679609	-118.779477
37.681106	-118.926955
37.68545	-118.819752
37.686352	-119.004336
37.688358	-118.791891
37.689213	-118.864928
37.699529	-118.81545
37.717155	-118.815925
37.786931	-119.014978
37.940583	-119.021324
38.024022	-119.084535
38.192938	-119.220743
38.220777	-119.240395
38.244633	-119.207761
38.245142	-119.205761
38.24609	-119.230841
38.249267	-119.2171
38.295857	-122.457638
38.298065	-122.477516
38.298157	-122.447435
38.299439	-122.457351
38.313761	-122.48324
38.321086	-122.489586
38.321581	-122.48998
38.32165	-122.489066
38.33409	-119.515905
38.34506	-122.52038
38.356349	-122.509813
38.38839	-122.56828
38.393213	-122.551373
38.394038	-122.550866
38.394443	-122.551127
38.394558	-122.55098
38.39469	-122.55087
38.452	-122.64926
38.45536	-122.63664
38.57343	-122.570428
38.574851	-122.579002
38.575531	-122.533586
38.575957	-122.60379
38.576042	-122.568816
38.576067	-122.572244
38.576496	-122.573378
38.576623	-122.573882
38.576848	-122.573124
38.576922	-122.573502
38.577622	-122.574085
38.577694	-122.576027
38.577781	-122.574659
38.577927	-122.574989
38.57797	-122.57373
38.57807	-122.57507
38.57815	-122.57541
38.5782	-122.581045
38.57829	-122.575854
38.57836	-122.57619
38.578465	-122.576489
38.57851	-122.576657
38.578524	-122.575224
38.57856	-122.5764
38.578592	-122.576996
38.578618	-122.576418
38.578665	-122.57561
38.578684	-122.575459
38.578746	-122.576485
38.578754	-122.580437
38.578848	-122.576319
38.578893	-122.57597
38.579023	-122.57648
38.579101	-122.576523
38.579127	-122.575379
38.579143	-122.577928
38.579567	-122.577476
38.579584	-122.581449
38.5796	-122.580082
38.579647	-122.580233
38.579661	-122.579203
38.579692	-122.580211
38.579793	-122.579771
38.579814	-122.579918
38.58004	-122.58483
38.580062	-122.578993
38.580262	-122.57767
38.580593	-122.578427
38.581195	-122.576625
38.581205	-122.576887
38.581351	-122.576565
38.58145	-122.5799
38.581488	-122.572821
38.58168	-122.578574
38.581713	-122.5773
38.581716	-122.575249
38.581722	-122.587161
38.581729	-122.581613
38.58179	-122.581203
38.581824	-122.586549
38.58185	-122.576225
38.581976	-122.574883
38.581977	-122.574501
38.582119	-122.574647
38.582178	-122.57624
38.582341	-122.58086
38.582396	-122.577338
38.58251	-122.574283
38.582555	-122.580085
38.583657	-122.577946
38.583667	-122.577214
38.5837	-122.5803
38.583779	-122.57691
38.583994	-122.577543
38.584142	-122.568929
38.584614	-122.581607
38.584637	-122.576997
38.584885	-122.580829
38.585099	-122.571347
38.585298	-122.573823
38.585361	-122.567749
38.585363	-122.582008
38.58539	-122.502412
38.585804	-122.575588
38.585871	-122.581072
38.585923	-122.581003
38.585981	-122.577233
38.58634	-122.578352
38.58664	-122.59369
38.586707	-122.577702
38.58682	-122.579365
38.586844	-122.579419
38.586889	-122.576018
38.586982	-122.575849
38.587251	-122.584787
38.587286	-122.574435
38.58731	-122.584753
38.587521	-122.577124
38.587708	-122.580819
38.587951	-122.581647
38.588548	-122.597613
38.588604	-122.597934
38.58884	-122.57612
38.588924	-122.583438
38.58965	-122.59185
38.589705	-122.575707
38.590633	-122.575511
38.590995	-122.584571
38.591814	-122.56905
38.591967	-122.596425
38.592066	-122.569458
38.592352	-122.583784
38.592393	-122.57141
38.592505	-122.593131
38.59252	-122.598998
38.593053	-122.596624
38.5932	-122.574971
38.593617	-122.598257
38.5938	-122.58965
38.59414	-122.59694
38.594181	-122.602163
38.59421	-122.60309
38.59457	-122.60401
38.594884	-122.598008
38.59496	-122.599575
38.59499	-122.599546
38.59509	-122.59948
38.59513	-122.59706
38.595565	-122.601366
38.595904	-122.600888
38.595982	-122.600227
38.596	-122.600271
38.596237	-122.604791
38.596366	-122.590546
38.596382	-122.600284
38.596476	-122.598451
38.596772	-122.601853
38.59698	-122.60212
38.598632	-122.603369
38.601254	-122.599755
38.610983	-122.474582
38.623307	-122.466253
38.63622	-122.657631
38.640637	-122.639943
38.640946	-122.473819
38.644787	-122.668179
38.644904	-122.502628
38.644914	-122.512626
38.648301	-122.518651
38.649072	-122.556664
38.650027	-122.701584
38.652189	-122.738084
38.654391	-122.57686
38.655283	-122.555929
38.656041	-122.493841
38.657133	-122.661738
38.660652	-122.536597
38.660753	-122.54578
38.661354	-122.507993
38.661376	-122.529152
38.667516	-122.547716
38.668377	-122.599727
38.668509	-122.536433
38.669581	-122.512593
38.669627	-122.557702
38.669815	-122.473762
38.66998	-122.676294
38.670069	-122.543166
38.670136	-122.519914
38.672036	-122.502464
38.673352	-122.583781
38.673836	-122.656327
38.675444	-122.528718
38.676174	-122.739755
38.678482	-122.551486
38.678938	-122.549972
38.67996	-122.567056
38.680001	-122.720095
38.680444	-122.592241
38.680983	-122.496364
38.681417	-122.475087
38.681778	-122.689861
38.682696	-122.562855
38.686756	-122.514233
38.687038	-122.520975
38.687057	-122.539111
38.687912	-122.669294
38.687951	-122.52062
38.688827	-122.668942
38.688874	-122.614067
38.690034	-122.650801
38.690897	-122.694251
38.693284	-122.719705
38.693548	-122.507403
38.693724	-122.736911
38.696563	-122.699699
38.696947	-122.538931
38.697927	-122.631239
38.698243	-122.597057
38.698785	-122.484166
38.701093	-122.643318
38.701272	-122.642271
38.701657	-122.66901
38.702579	-122.702006
38.704734	-122.75734
38.705519	-122.708275
38.707233	-122.705014
38.707397	-122.508064
38.708174	-122.732798
38.708193	-122.737216
38.708224	-122.639106
38.709323	-122.660959
38.710011	-122.562225
38.710702	-122.640026
38.712353	-122.640253
38.713648	-122.694532
38.716296	-122.544515
38.717521	-122.49254
38.71777	-122.556365
38.719902	-122.498803
38.720294	-122.523564
38.72109	-122.45427
38.723852	-122.650557
38.725453	-122.771693
38.725632	-122.561201
38.725677	-122.760532
38.725703	-122.655084
38.727618	-122.538285
38.727931	-122.69379
38.728734	-122.731456
38.728955	-122.699135
38.729662	-122.659254
38.730369	-122.73087
38.730944	-122.574888
38.731154	-122.62158
38.731295	-122.472809
38.731731	-122.709357
38.732417	-122.497797
38.732474	-122.652268
38.732554	-122.605531
38.732847	-122.694357
38.733454	-122.667611
38.733921	-122.669702
38.7341	-122.693
38.734189	-122.646216
38.734257	-122.766667
38.734848	-122.756318
38.735209	-122.734809
38.735245	-122.449302
38.735912	-122.788146
38.736169	-122.677542
38.736366	-122.778116
38.73754	-122.6643
38.737839	-122.664223
38.738113	-122.763298
38.738307	-122.539151
38.738373	-122.514852
38.738571	-122.699853
38.739887	-122.76848
38.74042	-122.69693
38.741946	-122.525177
38.742437	-122.55703
38.742681	-122.6606
38.742725	-122.438444
38.742818	-122.725826
38.743148	-122.753154
38.744879	-122.684299
38.745173	-122.71166
38.745264	-122.711099
38.745281	-122.682552
38.745298	-122.711061
38.745331	-122.711044
38.745364	-122.711027
38.745414	-122.711019
38.74547	-122.487256
38.74556	-122.485279
38.745785	-122.787184
38.746605	-122.590479
38.746888	-122.676016
38.746895	-122.638145
38.746978	-122.698889
38.747062	-122.656398
38.747065	-122.698974
38.747516	-122.700212
38.747544	-122.700132
38.747555	-122.69969
38.747563	-122.699793
38.747563	-122.699813
38.747571	-122.699915
38.747571	-122.699936
38.747578	-122.700059
38.747639	-122.681424
38.749109	-122.704706
38.74921	-122.704819
38.749349	-122.704988
38.749404	-122.705094
38.749442	-122.705193
38.749454	-122.726577
38.74948	-122.70527
38.74951	-122.506879
38.749539	-122.726522
38.749564	-122.726585
38.74958	-122.716318
38.749598	-122.726424
38.749653	-122.726323
38.749676	-122.716326
38.749708	-122.726225
38.749771	-122.716334
38.749867	-122.716342
38.749964	-122.71635
38.750631	-122.530357
38.751276	-122.656033
38.751311	-122.598252
38.751961	-122.447806
38.752552	-122.77901
38.752691	-122.577319
38.752782	-122.665562
38.753021	-122.752304
38.753039	-122.718993
38.753041	-122.719144
38.753053	-122.71906
38.753066	-122.719124
38.753071	-122.71926
38.753084	-122.719362
38.75309	-122.719232
38.753094	-122.719468
38.753663	-122.780137
38.755251	-122.711686
38.75525	-122.711326
38.755284	-122.711227
38.755307	-122.71142
38.755319	-122.711709
38.755347	-122.711309
38.755388	-122.71173
38.755405	-122.710901
38.755454	-122.711755
38.75549	-122.732173
38.755513	-122.732369
38.755513	-122.732454
38.755522	-122.711777
38.755535	-122.732429
38.75554	-122.73253
38.755554	-122.732904
38.755562	-122.733022
38.755575	-122.732668
38.755577	-122.732791
38.755689	-122.750842
38.755828	-122.648692
38.755913	-122.721237
38.755992	-122.673423
38.756073	-122.721314
38.756121	-122.722023
38.756163	-122.721353
38.756179	-122.72195
38.756237	-122.721873
38.756254	-122.721393
38.75656	-122.752093
38.756825	-122.703401
38.75696	-122.703402
38.757029	-122.703406
38.757093	-122.689004
38.757097	-122.703406
38.757179	-122.703407
38.757262	-122.703408
38.757344	-122.703409
38.757382	-122.703409
38.757421	-122.70341
38.758003	-122.751399
38.758469	-122.466893
38.75925	-122.771296
38.759358	-122.541067
38.759601	-122.723993
38.759633	-122.738995
38.759637	-122.738907
38.759642	-122.738819
38.759646	-122.738731
38.759649	-122.738648
38.759662	-122.724022
38.759673	-122.725289
38.759706	-122.644492
38.75973	-122.685096
38.759738	-122.724058
38.759742	-122.725303
38.75981	-122.725315
38.759944	-122.724997
38.759981	-122.724847
38.760007	-122.724471
38.760018	-122.724594
38.761703	-122.72524
38.76202	-122.737692
38.762028	-122.733495
38.76203	-122.698073
38.762061	-122.698159
38.762077	-122.675633
38.762093	-122.698242
38.762095	-122.733492
38.762162	-122.733484
38.762226	-122.733479
38.762474	-122.737692
38.762708	-122.693033
38.762802	-122.740237
38.762821	-122.692942
38.762827	-122.740308
38.762828	-122.740571
38.762875	-122.692891
38.76289	-122.740718
38.762958	-122.722723
38.762958	-122.740877
38.762962	-122.716939
38.762983	-122.716861
38.762984	-122.722772
38.762995	-122.74105
38.763008	-122.716797
38.763017	-122.728622
38.763076	-122.728667
38.763099	-122.675
38.763143	-122.728702
38.763186	-122.728718
38.764181	-122.82451
38.764222	-122.694865
38.76426	-122.69479
38.764295	-122.694712
38.764308	-122.771367
38.764326	-122.694637
38.764491	-122.794
38.76468	-122.786264
38.764693	-122.71042
38.764698	-122.610757
38.764724	-122.710616
38.764743	-122.559432
38.764776	-122.710755
38.764893	-122.710861
38.764905	-122.535133
38.764949	-122.627033
38.765103	-122.806489
38.765177	-122.63796
38.765409	-122.704247
38.765432	-122.704298
38.765589	-122.648655
38.765641	-122.777635
38.765661	-122.560478
38.766118	-122.683806
38.76644	-122.511298
38.76654	-122.820904
38.766594	-122.747232
38.766658	-122.711784
38.766683	-122.747208
38.766733	-122.711731
38.766796	-122.71331
38.766823	-122.713372
38.76685	-122.713433
38.766876	-122.713499
38.766901	-122.713566
38.766957	-122.736858
38.76698	-122.73677
38.766994	-122.736686
38.767007	-122.747152
38.767275	-122.657484
38.767328	-122.5056
38.767503	-122.699484
38.767555	-122.699506
38.767566	-122.699425
38.767576	-122.699339
38.767619	-122.699519
38.767868	-122.623766
38.7681	-122.716754
38.768245	-122.724938
38.768392	-122.661665
38.768426	-122.739041
38.768463	-122.738876
38.768477	-122.738704
38.769022	-122.716785
38.769095	-122.716812
38.769114	-122.742681
38.769147	-122.716825
38.769195	-122.634457
38.769208	-122.716833
38.769919	-122.453858
38.770146	-122.642825
38.770162	-122.729202
38.770182	-122.749967
38.770208	-122.729231
38.770238	-122.850083
38.770279	-122.765427
38.770312	-122.749912
38.770377	-122.84055
38.770423	-122.765516
38.770444	-122.749857
38.770619	-122.719572
38.770675	-122.731951
38.77068	-122.719475
38.770804	-122.687218
38.771361	-122.626311
38.771407	-122.686456
38.771453	-122.488623
38.771679	-122.793158
38.771852	-122.749865
38.771903	-122.718378
38.77198	-122.74123
38.772017	-122.721361
38.772045	-122.805902
38.772171	-122.64491
38.772175	-122.718685
38.772239	-122.713243
38.772603	-122.741105
38.772898	-122.524663
38.773066	-122.737043
38.773147	-122.737177
38.773173	-122.737041
38.773251	-122.737168
38.77329	-122.649556
38.773383	-122.723564
38.773464	-122.72354
38.773509	-122.718712
38.773613	-122.7266
38.773739	-122.816597
38.773817	-122.545589
38.774302	-122.730063
38.774315	-122.729967
38.77432	-122.77882
38.774346	-122.747257
38.774513	-122.753226
38.774585	-122.756087
38.774648	-122.753196
38.774659	-122.755942
38.774783	-122.753162
38.774835	-122.719558
38.774867	-122.753058
38.775156	-122.657454
38.775185	-122.724886
38.775616	-122.827291
38.776487	-122.718936
38.777013	-122.736205
38.777202	-122.745635
38.777233	-122.744366
38.777329	-122.740897
38.777399	-122.740877
38.777476	-122.74086
38.777525	-122.714814
38.777571	-122.714889
38.777598	-122.714972
38.777604	-122.756349
38.777633	-122.636053
38.777636	-122.715042
38.777661	-122.75649
38.77766	-122.75629
38.777666	-122.756585
38.777671	-122.715117
38.777685	-122.756387
38.777701	-122.715203
38.777901	-122.715661
38.777943	-122.803603
38.777985	-122.715804
38.778185	-122.764119
38.778212	-122.76419
38.778245	-122.76427
38.778298	-122.672154
38.778412	-122.571163
38.778428	-122.606752
38.778666	-122.774159
38.778792	-122.723652
38.77882	-122.810746
38.778846	-122.723596
38.778904	-122.723661
38.779074	-122.629769
38.779283	-122.750326
38.77929	-122.463854
38.779325	-122.750263
38.779363	-122.750196
38.779554	-122.721188
38.779584	-122.864561
38.779795	-122.788271
38.779921	-122.797896
38.779922	-122.613489
38.779929	-122.737869
38.779953	-122.72101
38.780052	-122.752807
38.780057	-122.737937
38.780089	-122.673971
38.780248	-122.738111
38.780439	-122.762579
38.780464	-122.762411
38.780485	-122.762253
38.780502	-122.762158
38.780511	-122.719977
38.780708	-122.691283
38.781061	-122.622786
38.781528	-122.688924
38.781629	-122.678054
38.781718	-122.648594
38.781811	-122.739854
38.781815	-122.70527
38.781821	-122.82142
38.78234	-122.779048
38.782787	-122.751728
38.782861	-122.818216
38.782909	-122.763915
38.782943	-122.763971
38.783001	-122.764084
38.783035	-122.764159
38.783093	-122.764282
38.783125	-122.764347
38.783398	-122.772353
38.783428	-122.772275
38.783446	-122.736004
38.783462	-122.777941
38.783476	-122.735639
38.783515	-122.772434
38.783526	-122.735864
38.783538	-122.77809
38.783573	-122.735787
38.78358	-122.705711
38.78363	-122.772509
38.783667	-122.70566
38.784133	-122.743621
38.784189	-122.74368
38.784212	-122.816762
38.784524	-122.773115
38.784524	-122.773115
38.784657	-122.709409
38.784713	-122.753401
38.784739	-122.716256
38.784871	-122.753848
38.7849	-122.753894
38.784933	-122.753953
38.784984	-122.754044
38.78531	-122.818799
38.7855	-122.8131
38.785864	-122.844835
38.785904	-122.776221
38.785934	-122.776145
38.785964	-122.776274
38.786007	-122.77603
38.786022	-122.776225
38.786485	-122.745203
38.786542	-122.745171
38.786604	-122.745128
38.786663	-122.745085
38.786744	-122.745101
38.786801	-122.711268
38.786813	-122.745166
38.786872	-122.745238
38.786933	-122.745311
38.787158	-122.692695
38.787502	-122.765391
38.787552	-122.717072
38.787639	-122.740032
38.78769	-122.764768
38.787706	-122.739981
38.787707	-122.764687
38.787717	-122.779674
38.787759	-122.779686
38.787792	-122.739952
38.787829	-122.828736
38.787832	-122.814311
38.787886	-122.739879
38.787926	-122.739804
38.787959	-122.739729
38.787997	-122.739659
38.788003	-122.779314
38.78802	-122.779138
38.788036	-122.739579
38.788041	-122.778995
38.78806	-122.779339
38.788288	-122.768178
38.788402	-122.723689
38.788469	-122.723783
38.78852	-122.723834
38.788566	-122.723898
38.78862	-122.723963
38.788854	-122.751581
38.788932	-122.47431
38.788939	-122.751746
38.788939	-122.751882
38.788979	-122.751794
38.789029	-122.766284
38.789095	-122.766246
38.789131	-122.766152
38.78933	-122.76183
38.789608	-122.688115
38.789741	-122.638332
38.789857	-122.819625
38.789885	-122.629263
38.790006	-122.614148
38.79032	-122.828981
38.790443	-122.734764
38.790514	-122.73471
38.790591	-122.734673
38.790616	-122.77301
38.790625	-122.711379
38.790664	-122.734627
38.790707	-122.77288
38.790727	-122.763791
38.790895	-122.735961
38.791097	-122.756477
38.791132	-122.756405
38.791162	-122.756346
38.791205	-122.756262
38.791843	-122.687562
38.792087	-122.802261
38.792189	-122.727643
38.792189	-122.727728
38.792191	-122.727554
38.792191	-122.727822
38.792223	-122.758781
38.792301	-122.758638
38.79237	-122.758575
38.792402	-122.758482
38.792698	-122.830135
38.79288	-122.78671
38.792895	-122.743336
38.792928	-122.743594
38.792931	-122.743685
38.792933	-122.743784
38.792937	-122.743508
38.792938	-122.839246
38.792939	-122.743117
38.792939	-122.743213
38.792943	-122.786971
38.793003	-122.698754
38.793019	-122.786835
38.793023	-122.743119
38.793091	-122.786696
38.793104	-122.760229
38.793228	-122.761919
38.793338	-122.622041
38.793375	-122.743776
38.793382	-122.762208
38.793419	-122.641573
38.793492	-122.659012
38.793639	-122.834734
38.793726	-122.83392
38.793749	-122.823182
38.793756	-122.835402
38.793841	-122.720703
38.794071	-122.760093
38.794341	-122.760033
38.79444	-122.735808
38.794486	-122.735871
38.794515	-122.640639
38.794551	-122.735958
38.794611	-122.736027
38.794661	-122.82841
38.794666	-122.736097
38.79472	-122.828781
38.794722	-122.73618
38.79477	-122.736269
38.794804	-122.736325
38.794825	-122.736387
38.794867	-122.763565
38.795441	-122.779795
38.795512	-122.779758
38.795631	-122.806148
38.79585	-122.76566
38.796043	-122.776753
38.796075	-122.776578
38.796424	-122.80178
38.796471	-122.773884
38.796482	-122.806686
38.796612	-122.806635
38.796719	-122.80659
38.796749	-122.890677
38.797012	-122.68848
38.797016	-122.843205
38.797023	-122.767338
38.797029	-122.771467
38.797066	-122.767419
38.797096	-122.771136
38.797096	-122.829467
38.797107	-122.767497
38.797358	-122.771013
38.797368	-122.843652
38.797393	-122.810951
38.797408	-122.76509
38.797434	-122.764928
38.797604	-122.846988
38.797695	-122.711601
38.797717	-122.838174
38.797758	-122.582961
38.797824	-122.742831
38.797949	-122.834362
38.797988	-122.903723
38.798119	-122.82381
38.798145	-122.870543
38.798182	-122.832179
38.79842	-122.775323
38.79842	-122.83428
38.798509	-122.834361
38.79873	-122.8025
38.798974	-122.802762
38.799093	-122.805614
38.799257	-122.766367
38.7993	-122.820884
38.799605	-122.820774
38.79965	-122.834598
38.799994	-122.759932
38.800059	-122.832195
38.800165	-122.772151
38.800187	-122.770071
38.800295	-122.769971
38.800382	-122.832346
38.800391	-122.769975
38.800485	-122.665729
38.800486	-122.804643
38.800513	-122.76978
38.80054	-122.758839
38.800558	-122.832458
38.800734	-122.832534
38.800797	-122.804011
38.800802	-122.769767
38.800822	-122.833053
38.800928	-122.64015
38.800997	-122.832647
38.801059	-122.804323
38.801145	-122.771454
38.801263	-122.835871
38.801291	-122.832834
38.80138	-122.804408
38.801439	-122.836316
38.801445	-122.804514
38.801458	-122.805422
38.801558	-122.615267
38.801576	-122.804999
38.801613	-122.833059
38.801692	-122.804927
38.801703	-122.835171
38.801762	-122.803987
38.801763	-122.837948
38.801764	-122.839133
38.801894	-122.80469
38.80191	-122.838542
38.801969	-122.810984
38.801972	-122.811136
38.801991	-122.810833
38.802005	-122.805804
38.802014	-122.805295
38.802027	-122.838025
38.802079	-122.805781
38.802088	-122.805679
38.802173	-122.806041
38.802344	-122.805443
38.802436	-122.804991
38.80261	-122.752344
38.802674	-122.805569
38.802865	-122.806045
38.80287	-122.80687
38.803002	-122.806854
38.803049	-122.831701
38.803055	-122.805999
38.803125	-122.808189
38.803364	-122.815526
38.803398	-122.783472
38.803414	-122.853553
38.803449	-122.783596
38.80348	-122.815902
38.803505	-122.783442
38.8035	-122.8548
38.803525	-122.84237
38.80356	-122.783275
38.803695	-122.833881
38.803971	-122.806925
38.803973	-122.793526
38.804034	-122.793436
38.804044	-122.811825
38.804109	-122.839449
38.804159	-122.793251
38.804322	-122.817211
38.804358	-122.817155
38.804406	-122.844376
38.80443	-122.817044
38.804468	-122.777575
38.804494	-122.836083
38.804505	-122.816925
38.80452	-122.83957
38.804529	-122.77746
38.80456	-122.83965
38.804576	-122.836342
38.804577	-122.816814
38.804596	-122.77759
38.804726	-122.777609
38.804986	-122.810164
38.805493	-122.792891
38.805515	-122.811606
38.805594	-122.61595
38.805657	-122.79264
38.805661	-122.817499
38.805713	-122.766267
38.805752	-122.842092
38.805754	-122.766256
38.805812	-122.784296
38.80582	-122.792386
38.805995	-122.792132
38.806048	-122.819737
38.806052	-122.81921
38.806168	-122.79187
38.806444	-122.816494
38.806465	-122.818693
38.806964	-122.822661
38.806971	-122.818966
38.806987	-122.817571
38.807103	-122.813368
38.807214	-122.810474
38.807239	-122.819793
38.807259	-122.810001
38.807303	-122.810402
38.807377	-122.816741
38.807423	-122.796158
38.807459	-122.821859
38.80748	-122.8103
38.807504	-122.815008
38.807505	-122.810134
38.807626	-122.834477
38.807667	-122.824669
38.807716	-122.823511
38.80788	-122.830992
38.807947	-122.839316
38.808048	-122.804836
38.808103	-122.814818
38.808122	-122.818859
38.808124	-122.825955
38.808139	-122.811654
38.808173	-122.817472
38.808204	-122.814704
38.808251	-122.805092
38.808293	-122.809645
38.808295	-122.814582
38.808395	-122.814474
38.808464	-122.814391
38.80864	-122.81465
38.808668	-122.81473
38.808769	-122.829954
38.808903	-122.796622
38.808948	-122.820841
38.80895	-122.796077
38.809076	-122.814029
38.809088	-122.780707
38.809144	-122.830062
38.809159	-122.780658
38.809209	-122.830155
38.809247	-122.78055
38.809286	-122.81779
38.809983	-122.807575
38.81054	-122.804946
38.810588	-122.800265
38.810867	-122.803262
38.810972	-122.803203
38.811322	-122.808563
38.811502	-122.784197
38.811629	-122.860733
38.811659	-122.795086
38.811729	-122.794946
38.811847	-122.795022
38.811971	-122.784679
38.812008	-122.784525
38.812009	-122.826491
38.812035	-122.826657
38.812064	-122.826822
38.812074	-122.784217
38.812093	-122.820436
38.81215	-122.783909
38.812163	-122.778367
38.81218	-122.793618
38.812225	-122.793538
38.812327	-122.875601
38.812453	-122.804624
38.812723	-122.826079
38.81274	-122.820495
38.812839	-122.595227
38.813236	-122.876786
38.813343	-122.802153
38.813465	-122.770675
38.813642	-122.770655
38.813671	-122.770821
38.813677	-122.797172
38.813814	-122.815442
38.813821	-122.8156
38.813823	-122.815663
38.813852	-122.792439
38.81386	-122.815488
38.813921	-122.792297
38.813994	-122.792157
38.814036	-122.792383
38.814125	-122.823164
38.814217	-122.798551
38.814469	-122.672543
38.815131	-122.794136
38.815435	-122.892946
38.815439	-122.748249
38.815451	-122.872664
38.815509	-122.854727
38.815776	-122.806125
38.815884	-122.801682
38.815897	-122.748044
38.815938	-122.806583
38.816103	-122.80854
38.816201	-122.808664
38.816301	-122.808784
38.81663	-122.7364
38.816668	-122.894813
38.817226	-122.791686
38.817291	-122.797182
38.817673	-122.900377
38.817879	-122.830509
38.817975	-122.830527
38.81806	-122.830542
38.818071	-122.800268
38.8181	-122.803627
38.818161	-122.806833
38.818384	-122.806667
38.818779	-122.806001
38.818801	-122.662637
38.818805	-122.816355
38.81892	-122.816452
38.818947	-122.777059
38.818976	-122.777287
38.818977	-122.777193
38.81903	-122.777
38.819037	-122.816544
38.819067	-122.777169
38.819149	-122.816637
38.819229	-122.816707
38.819332	-122.818776
38.81942	-122.818777
38.819433	-122.818893
38.819501	-122.828653
38.819521	-122.818898
38.819534	-122.819014
38.819572	-122.82871
38.820223	-122.777867
38.820292	-122.801333
38.820552	-122.8011
38.820818	-122.803275
38.820904	-122.768607
38.821009	-122.768493
38.821061	-122.768436
38.821116	-122.768384
38.821137	-122.772299
38.821178	-122.772463
38.821261	-122.772612
38.821577	-122.833244
38.821578	-122.833184
38.821952	-122.908026
38.82204	-122.808029
38.822159	-122.792661
38.822188	-122.792493
38.822216	-122.792332
38.822227	-122.771597
38.822252	-122.792784
38.822372	-122.792875
38.822748	-122.87292
38.822865	-122.787064
38.822887	-122.831953
38.822893	-122.738353
38.822896	-122.786906
38.822898	-122.78684
38.822966	-122.757218
38.822993	-122.837442
38.823063	-122.836954
38.823071	-122.837042
38.823075	-122.837147
38.82316	-122.806479
38.823174	-122.865199
38.823351	-122.757246
38.823363	-122.779129
38.823415	-122.779062
38.823459	-122.778989
38.823673	-122.778785
38.823751	-122.823195
38.823784	-122.823272
38.823842	-122.838985
38.824222	-122.777896
38.824231	-122.777783
38.824265	-122.777619
38.824302	-122.777454
38.824333	-122.777293
38.824499	-122.801906
38.824511	-122.851099
38.825373	-122.804177
38.825405	-122.851377
38.825452	-122.778783
38.825509	-122.778836
38.825564	-122.778886
38.825648	-122.804478
38.825703	-122.804531
38.825754	-122.804588
38.825809	-122.804645
38.825825	-122.632615
38.825832	-122.83983
38.825879	-122.798512
38.826293	-122.792472
38.826369	-122.847937
38.826465	-122.805807
38.826469	-122.847967
38.826555	-122.848006
38.826825	-122.793738
38.827129	-122.802662
38.827146	-122.809626
38.827212	-122.808153
38.82732	-122.802886
38.827401	-122.808693
38.827442	-122.784576
38.827444	-122.808553
38.827452	-122.784752
38.827471	-122.784836
38.827476	-122.784924
38.827525	-122.803077
38.827579	-122.996432
38.828022	-122.83439
38.828186	-122.910201
38.828424	-122.905749
38.828902	-122.623302
38.828935	-122.887435
38.829278	-122.775455
38.829335	-122.775382
38.82938	-122.78921
38.829389	-122.775308
38.829442	-122.789334
38.829582	-122.750088
38.829603	-122.789585
38.829625	-122.750084
38.829757	-122.750053
38.829902	-122.790357
38.830108	-122.855646
38.830206	-122.791277
38.830239	-122.791363
38.830271	-122.791462
38.830874	-122.875032
38.830976	-122.784542
38.831198	-122.875033
38.831256	-122.79606
38.831262	-122.874934
38.831268	-122.875143
38.831304	-122.874851
38.831352	-122.874778
38.831405	-122.874695
38.831451	-122.874647
38.831457	-122.874781
38.831523	-122.795936
38.83163	-122.88291
38.831735	-122.764671
38.831741	-122.764585
38.831742	-122.764492
38.831756	-122.795928
38.83229	-122.816342
38.832342	-122.816006
38.832449	-122.816336
38.832468	-122.841986
38.83271	-122.806047
38.832733	-122.805959
38.832887	-122.919926
38.833829	-122.742086
38.834221	-122.777555
38.834281	-122.777625
38.83431	-122.77786
38.834337	-122.777698
38.834364	-122.77783
38.8344	-122.77776
38.834458	-122.777853
38.834521	-122.77792
38.835101	-122.832755
38.835168	-122.832728
38.835291	-122.762122
38.835358	-122.820927
38.835621	-122.826039
38.835632	-122.832693
38.835663	-122.79836
38.835676	-122.825997
38.835768	-122.798481
38.835879	-122.798556
38.835928	-122.798602
38.835931	-122.96666
38.836062	-122.798712
38.83611	-122.878275
38.836152	-122.878274
38.836191	-122.878278
38.836249	-122.878284
38.836446	-122.88419
38.836564	-122.885006
38.836811	-122.806795
38.836837	-122.806821
38.836929	-122.806854
38.837596	-122.951428
38.837652	-122.809385
38.837672	-122.772357
38.837707	-122.77244
38.837726	-122.772553
38.837769	-122.809635
38.837795	-122.772629
38.837816	-122.772832
38.837826	-122.77246
38.837829	-122.772708
38.83787	-122.772009
38.837903	-122.8003
38.837955	-122.77308
38.838042	-122.76181
38.838375	-122.821905
38.838387	-122.821769
38.839019	-122.836246
38.839082	-122.836282
38.839944	-122.81309
38.840243	-122.857382
38.840494	-122.633953
38.840541	-122.832101
38.840924	-122.831756
38.841012	-122.772094
38.84105	-122.771914
38.841067	-122.772226
38.841074	-122.772015
38.8411	-122.772105
38.841167	-122.772416
38.84119	-122.772475
38.841521	-122.829492
38.841604	-122.929915
38.841802	-122.875496
38.841976	-122.783838
38.842115	-122.783846
38.842171	-122.802
38.842253	-122.783854
38.842868	-122.80787
38.843374	-122.77925
38.843517	-122.857464
38.843707	-122.93061
38.844158	-122.949328
38.84485	-122.82919
38.845207	-122.817052
38.845728	-122.913151
38.846077	-122.86757
38.846131	-122.898712
38.846291	-122.86732
38.846593	-122.798198
38.846742	-123.134762
38.847197	-122.845644
38.847266	-122.845641
38.847522	-122.84511
38.847738	-122.857449
38.848019	-122.845804
38.848211	-122.670828
38.848663	-122.670062
38.849263	-122.818988
38.849397	-122.819017
38.849415	-122.899109
38.849958	-122.940021
38.8503	-122.656006
38.850596	-122.718763
38.851519	-122.886388
38.852282	-122.74787
38.853596	-122.937227
38.853862	-122.792979
38.853913	-122.79304
38.854103	-122.800884
38.854159	-122.823294
38.854173	-122.923623
38.854661	-122.781776
38.855272	-122.661569
38.856145	-122.876057
38.856536	-122.7156
38.856536	-122.7156
38.856677	-122.774843
38.85705	-122.91078
38.857088	-122.792324
38.857144	-122.671095
38.857196	-122.774324
38.857302	-122.665049
38.857669	-122.874662
38.857729	-122.679463
38.858095	-122.902513
38.858139	-122.876592
38.858616	-122.976866
38.858743	-122.752722
38.859777	-122.86831
38.86045	-122.672942
38.860641	-122.737913
38.862109	-122.675028
38.862111	-122.675493
38.862456	-122.998255
38.862995	-122.849036
38.863003	-122.815142
38.863105	-122.83549
38.863369	-122.894706
38.863373	-122.85604
38.863385	-122.80167
38.863777	-122.856362
38.86484	-122.6706
38.865664	-122.81639
38.866805	-122.869994
38.866985	-122.878658
38.867842	-122.643151
38.868072	-122.728214
38.869345	-122.892852
38.869503	-122.799989
38.869677	-122.9207
38.870051	-122.645236
38.870145	-122.810439
38.870204	-123.015801
38.870254	-122.903728
38.870648	-122.656627
38.870687	-122.921862
38.871792	-122.893586
38.87223	-122.861506
38.872477	-122.885658
38.872788	-122.598255
38.872788	-122.598255
38.873422	-122.837537
38.874201	-122.749776
38.874466	-122.812461
38.874751	-122.777985
38.875131	-122.677072
38.875735	-122.905282
38.875811	-122.858552
38.876603	-122.740002
38.876916	-122.847856
38.877577	-122.766365
38.877617	-122.877723
38.878677	-122.95243
38.879328	-122.908325
38.880598	-122.669146
38.88098	-122.721559
38.882411	-122.855592
38.883749	-122.764514
38.884627	-122.768015
38.884874	-122.792167
38.885045	-122.866467
38.885481	-122.76617
38.885906	-122.534958
38.886615	-122.762297
38.887184	-122.794929
38.887468	-122.86167
38.887732	-122.665862
38.888054	-122.92719
38.888674	-122.672138
38.888674	-122.672138
38.888687	-122.925795
38.889769	-122.895775
38.890623	-122.989852
38.891969	-122.906281
38.892014	-122.637711
38.892962	-122.556789
38.893006	-122.83782
38.894544	-122.869589
38.894647	-122.860001
38.895083	-122.691489
38.89543	-122.74341
38.89607	-122.822573
38.896072	-122.789018
38.896626	-122.716192
38.898254	-122.68396
38.898254	-122.68396
38.898295	-122.906641
38.899051	-122.881566
38.899973	-122.861653
38.901436	-122.567221
38.90151	-122.6235
38.901713	-122.865339
38.901916	-122.709732
38.902481	-122.774998
38.90262	-122.77389
38.903488	-122.877136
38.905633	-122.772597
38.905767	-122.683234
38.906303	-122.76135
38.906503	-122.683928
38.906595	-122.762271
38.907336	-122.903127
38.908124	-122.633
38.909865	-122.719862
38.909865	-122.719862
38.910839	-122.847812
38.911254	-122.638552
38.914375	-122.584888
38.914375	-122.584888
38.914662	-122.800424
38.915167	-122.699022
38.915366	-122.950995
38.91568	-122.803188
38.917467	-122.885782
38.917617	-122.887257
38.918263	-122.785117
38.918434	-122.876379
38.92001	-122.647368
38.922027	-122.842266
38.922945	-122.671077
38.925142	-122.882085
38.92581	-122.73459
38.927632	-122.757265
38.927876	-122.780864
38.928872	-122.710803
38.92979	-122.758
38.93041	-122.697724
38.930576	-122.706007
38.930665	-122.862535
38.930714	-122.806118
38.931331	-122.97469
38.931523	-122.759841
38.9317	-122.662442
38.933399	-122.761498
38.933526	-122.689778
38.93554	-122.757992
38.93636	-122.849806
38.937557	-122.725172
38.937716	-122.938335
38.938144	-122.970579
38.938283	-122.726831
38.938879	-122.972629
38.939359	-122.777346
38.94023	-122.813112
38.940574	-122.664805
38.94228	-122.821959
38.942341	-122.734568
38.944018	-122.859199
38.944072	-122.803889
38.945121	-122.971316
38.946635	-122.899941
38.947664	-122.803515
38.947723	-122.749496
38.948453	-122.934407
38.948989	-122.958078
38.950532	-122.802037
38.951224	-122.795583
38.953413	-122.641526
38.955148	-122.639307
38.955899	-122.645204
38.956113	-122.762205
38.957032	-122.638009
38.957246	-122.951916
38.960626	-122.84369
38.960797	-122.932713
38.96276	-122.915935
38.962902	-122.915003
38.963092	-122.814925
38.964098	-122.814924
38.965295	-122.965325
38.967377	-122.942396
38.96796	-122.742462
38.969326	-122.895301
38.973481	-122.976684
38.973818	-122.919089
38.974787	-122.976309
38.976191	-122.964565
38.97681	-122.939216
38.978599	-122.915542
38.978806	-122.998857
38.98386	-122.888508
38.984119	-122.616519
38.984647	-122.638641
38.986514	-122.633288
38.986593	-122.91609
38.987903	-122.74088
38.987918	-122.742455
38.988319	-122.648215
38.989227	-122.586632
38.989672	-122.956906
38.990587	-122.634378
38.991036	-122.672173
38.991254	-122.81562
38.991606	-122.634743
38.991679	-122.984675
38.992074	-122.940687
38.992856	-122.620542
38.994776	-122.961
38.995754	-122.653718
38.995919	-122.922042
38.996021	-122.648001
38.996186	-122.65261
38.999953	-122.6148
39.000242	-122.614246
39.00095	-122.66279
39.00147	-122.66522
39.00171	-122.66863
39.00187	-122.66638
39.00207	-122.65571
39.00264	-122.66128
39.002767	-122.857916
39.00283	-122.6681
39.00382	-122.66158
39.00386	-122.65751
39.00405	-122.66434
39.00433	-122.66405
39.00436	-122.66328
39.00476	-122.67003
39.00482	-122.66361
39.00491	-122.66683
39.00607	-122.66109
39.00631	-122.66372
39.006574	-122.599103
39.00662	-122.66959
39.00722	-122.66419
39.008594	-122.930041
39.008793	-122.643713
39.0107	-122.946813
39.033139	-122.431752
39.034489	-122.4295
39.03461	-122.430974
39.22965	-123.36607
39.22968	-123.36585
39.22968	-123.36606
39.22972	-123.36614
39.22976	-123.36574
39.23053	-123.36656
39.579988	-120.359984
39.583466	-120.359954
39.682227	-120.316629
39.682903	-120.320371
39.686336	-120.383433
39.701964	-120.328121
39.702748	-120.324081
39.704583	-120.308941
39.706036	-120.315992
39.706608	-120.328191
39.709886	-120.329718
39.710287	-120.31731
39.714097	-120.317255
39.719495	-120.317178
39.720522	-120.353327
39.721778	-120.322143
39.723831	-120.323234
39.729545	-120.307872
39.732967	-120.354049
39.738757	-120.552269
39.741471	-120.285483
39.74462	-120.352858
39.752959	-120.315639
39.756025	-120.247699
39.75676	-120.3595
39.7749	-120.53605
39.866901	-120.401046
40.129139	-120.237453
40.130888	-120.261165
40.134206	-120.213356
40.13943	-120.943847
40.140611	-120.936437
40.141011	-120.23247
40.158289	-120.226513
40.171243	-120.244894
40.172684	-120.189444
40.17563	-120.172339
40.177653	-120.325624
40.187564	-120.244995
40.189186	-120.282435
40.189649	-120.292549
40.195459	-120.197772
40.202958	-120.225321
40.203499	-120.303102
40.210343	-120.246225
40.217724	-120.273776
40.218295	-120.301561
40.28197	-120.16254
40.299275	-120.194199
40.299778	-120.195777
40.300812	-120.196795
40.302397	-120.193812
40.303292	-120.195805
40.30587	-120.183129
40.309543	-120.196589
40.322556	-120.398073
40.332397	-121.291545
40.337949	-121.457478
40.3474	-120.246224
40.355376	-121.501034
40.356376	-121.564014
40.357141	-120.257307
40.357193	-120.256599
40.357341	-120.256377
40.357447	-120.255613
40.357932	-120.256608
40.359201	-120.250247
40.359221	-120.254447
40.359831	-120.262747
40.363006	-120.261185
40.36585	-120.24243
40.367171	-120.247377
40.367281	-120.257517
40.368587	-121.411301
40.373137	-121.266104
40.377602	-120.27174
40.380514	-120.287637
40.382976	-120.284335
40.390355	-120.264779
40.390844	-120.454386
40.391972	-120.485219
40.392034	-120.481147
40.392088	-120.489942
40.392257	-121.546305
40.393007	-121.47747
40.394949	-120.484692
40.395788	-120.47896
40.396401	-120.42782
40.396482	-120.488873
40.397201	-120.476705
40.398727	-120.494217
40.399233	-120.482658
40.400395	-120.477707
40.400447	-120.486039
40.401015	-120.65423
40.401399	-120.648878
40.401528	-120.460219
40.401677	-120.480532
40.401807	-120.466301
40.401903	-120.452678
40.402529	-120.480874
40.402574	-120.46884
40.402759	-120.649466
40.403787	-120.65284
40.403995	-120.657062
40.404172	-120.653002
40.404336	-121.427697
40.404511	-120.657842
40.404765	-120.656552
40.404794	-120.478997
40.404815	-120.64767
40.405235	-120.660742
40.40539	-120.642375
40.406302	-120.65376
40.406719	-120.654649
40.406824	-120.658199
40.407307	-121.598644
40.407725	-120.655405
40.407796	-120.663111
40.408037	-120.666187
40.408055	-120.659504
40.409219	-120.663112
40.409829	-120.666137
40.410178	-120.654976
40.410542	-120.660366
40.412601	-120.678185
40.412741	-120.663971
40.413255	-120.664614
40.413258	-120.66455
40.414026	-120.668602
40.414241	-120.657871
40.415833	-120.660006
40.418086	-120.653242
40.418569	-120.655408
40.41877	-121.530459
40.420264	-121.376677
40.425564	-120.663495
40.431683	-121.350756
40.475802	-121.92901
40.545268	-121.94969
40.54659	-121.899042
40.553856	-122.00167
40.578409	-122.002278
40.582086	-121.936254
40.586644	-122.110893
40.729609	-121.864222
41.018286	-121.91028
41.02226	-121.917997
41.02502	-121.925908
41.02568	-121.923178
41.02991	-121.923638
41.091374	-121.012248
41.104692	-121.18974
41.108916	-121.088139
41.118854	-120.946317
41.123499	-121.138134
41.123769	-121.084288
41.166885	-121.159631
41.169613	-121.037901
41.184009	-120.946505
41.257662	-120.529967
41.339864	-122.901144
41.431471	-120.87413
41.438238	-120.110274
41.446175	-120.875879
41.44618	-120.83371
41.451317	-120.871424
41.451341	-120.835027
41.45203	-121.525323
41.454902	-120.80375
41.468287	-121.388516
41.483686	-120.559899
41.485135	-120.546398
41.488365	-121.679847
41.48892	-120.55934
41.489091	-120.555144
41.49214	-120.54029
41.513456	-121.744337
41.515705	-121.706179
41.520775	-121.621876
41.527554	-120.185756
41.527679	-121.691109
41.532302	-120.074215
41.532487	-120.085923
41.532588	-120.078219
41.533031	-120.077992
41.533993	-121.503723
41.535174	-120.181326
41.535562	-120.073213
41.535591	-120.073166
41.537006	-120.086762
41.537435	-121.592291
41.538917	-120.057608
41.5405	-120.07236
41.543532	-121.55402
41.549057	-121.703454
41.554579	-121.671108
41.556281	-121.534104
41.557271	-121.631973
41.56024	-121.647301
41.561981	-121.580105
41.563997	-121.566897
41.56463	-120.194225
41.564692	-121.567131
41.566079	-121.715109
41.566279	-121.710109
41.569434	-121.529494
41.573397	-121.541475
41.575823	-121.533502
41.576193	-121.708033
41.579861	-122.831143
41.582985	-120.170726
41.590581	-121.561105
41.591197	-121.554398
41.591795	-121.565047
41.592281	-121.667017
41.592461	-121.56509
41.59288	-121.566105
41.594545	-121.616179
41.59528	-121.616107
41.596152	-121.665338
41.603888	-120.92908
41.605366	-121.543621
41.609609	-121.53921
41.609895	-121.625115
41.610523	-121.577963
41.612041	-121.519787
41.612891	-120.521067
41.619958	-121.627931
41.619999	-121.642332
41.620294	-121.62549
41.621594	-120.036053
41.62346	-121.636901
41.623994	-121.510221
41.624381	-121.487103
41.627131	-121.537595
41.635483	-121.334097
41.639303	-121.601963
41.648146	-120.191465
41.649079	-121.631849
41.649889	-120.781075
41.650118	-121.575356
41.656783	-120.214319
41.660703	-120.191848
41.661163	-120.22521
41.664103	-120.210581
41.66808	-120.210096
41.668763	-120.200463
41.669013	-120.200643
41.670326	-120.217711
41.670928	-120.206421
41.671535	-120.219996
41.672063	-120.22085
41.675133	-120.21325
41.678735	-120.19919
41.685712	-120.214218
41.687461	-120.221203
41.68746	-120.2212
41.687684	-120.220627
41.687992	-120.22134
41.690605	-120.206999
41.693763	-120.221971
41.696693	-120.209687
41.696883	-120.202082
41.741593	-120.076057
41.857259	-120.161008
41.861066	-120.173571
41.865715	-120.159254
41.873405	-120.163283
41.91455	-121.637607
